kinematics:
  shoulder:
    x: 0
    y: 0
    z: 0.1518231259764603
    roll: -0
    pitch: 0
    yaw: 1.430878747051868e-06
  upper_arm:
    x: 1.406488591463979e-05
    y: 0
    z: 0
    roll: 1.571379207731564
    pitch: 0
    yaw: -1.682025181601572e-06
  forearm:
    x: -0.2439074148445106
    y: 0
    z: 0
    roll: 3.127851491286112
    pitch: 3.141015302889496
    yaw: 3.141529205496445
  wrist_1:
    x: -0.2130743195882036
    y: -0.000398174116197413
    z: 0.1127708217532771
    roll: 0.003530811032288423
    pitch: 0.003358575256198475
    yaw: 2.362385111837429e-05
  wrist_2:
    x: 2.920420568906648e-06
    y: -0.08538291108600557
    z: -3.723333769622941e-05
    roll: 1.571232401588582
    pitch: 0
    yaw: 0.0001318648406469889
  wrist_3:
    x: -9.877620917595033e-06
    y: 0.08240336050664274
    z: -8.041765518577372e-05
    roll: 1.569820424487493
    pitch: 3.141592653589793
    yaw: 3.141558178885701
  hash: calib_4137764369287619786