kinematics:
  shoulder:
    x: 0
    y: 0
    z: 0.1518740177124822
    roll: -0
    pitch: 0
    yaw: -3.797121381210466e-07
  upper_arm:
    x: 4.758766763627266e-05
    y: 0
    z: 0
    roll: 1.571666431147829
    pitch: 0
    yaw: -7.969716943783744e-05
  forearm:
    x: -0.2438723863921399
    y: 0
    z: 0
    roll: 3.139272211769625
    pitch: 3.141535645170254
    yaw: -3.141479943819094
  wrist_1:
    x: -0.2131302329097182
    y: 0.0003087101905212513
    z: 0.1127581173799485
    roll: 3.138854851413104
    pitch: 3.139626243294167
    yaw: -3.141583850130484
  wrist_2:
    x: 5.874688033322888e-05
    y: -0.0853725069384785
    z: -0.0001094500329121555
    roll: 1.572078355130168
    pitch: 0
    yaw: 6.380418429215161e-06
  wrist_3:
    x: -6.773286809114046e-05
    y: 0.08242461489601449
    z: -8.242501171459861e-05
    roll: 1.569796322313913
    pitch: 3.141592653589793
    yaw: 3.141554443767964
  hash: calib_9841009036476706970